lineage,v3,,,
contract,proxy,proxy codehash,implementation,implementation codehash
minter,0x3d3EAe3a4Ee52ef703216c62EFEC3157694606dE,0xa34414c0335e6e486464c83b242383b30c9f4e1b198651a6c85efc33e1fed7fa,0xffD4505B3452Dc22f8473616d50503bA9E1710Ac,0x008b4c112dba2b9a47b8e8a47441235a9ec267db2c1ec9335dfac49e90ee973c
manager,0x2a07706473244BC757E10F2a9E86fB532828afe3,0xe3d8cab5edc9e784d659cd78c7b294fb8d2270baf197a527ce63e3cba30f9ccf,0x8d2C17FAd02B7bb64139109c6533b7C2b9CADb81,0x335ab5de9808bc7a8cb57d2da583d907d7722f9747b88fcfbcea97f6ed5b1dca
collateralPool,0x7928a145Eed1374f5594c799290419B80fCd03f0,0xa34414c0335e6e486464c83b242383b30c9f4e1b198651a6c85efc33e1fed7fa,0xD6BbDE9174b1CdAa358d2Cf4D57D1a9F7178FBfF,0x55ff9e98dbaf9bb1b7dfd722d76599be2ddde1610904435b5949c0d891ef07ec
leveragedPool,0x8CF0C5F1394E137389D6dbfE91c56D00dEcdDAD8,0xa34414c0335e6e486464c83b242383b30c9f4e1b198651a6c85efc33e1fed7fa,0x15cF58144EF33af1e14b5208015d11F9143E27b9,0xb0e453ecf0aa0d593a55074fb693dbca97348fac6f70b847a370ba699bf5f6f0
pegged,0x0C5CC55959DBDE5d9fa05064da754D6A298E9833,0xa34414c0335e6e486464c83b242383b30c9f4e1b198651a6c85efc33e1fed7fa,0x5C7606b5De7c130982b9841D9b4B9C107d394bC7,0x87f333414388ab423c144c441e5fa6ee6d1c31aa21a5b34f090ca2c6ef35d9ed
leveraged,0x410cA79c92665E7f502Cbc59e4f6edfCb97F5ddd,0xa34414c0335e6e486464c83b242383b30c9f4e1b198651a6c85efc33e1fed7fa,0x8e56A7c8047D5E995386875B9E23cFfEa56169d8,0x7ef83bb631e997cf8c80c5376dce971f14e3ca97c0349b9e89ead05926ba7c08
wrappedCollateral,0x7743e50F534a7f9F1791DdE7dCD89F7783Eefc39,0xec17f0f42b4fbb691f7211164fc054ea2ff07eadf57f509181f80543f3dfe1aa,0xE4031e271809d20074E4bef1caeEfEc5f710e8A6,0xbc997f80374a11f421850277ba8b9ae86bdf6e3795b16573babd02c6b3924343
oracle,0x88430c0F09A6D603c43E2816F2EA9Ab45dB7e1a8,0xaba1f4a977ded57e7baf22470a481ec02ee826ff95d643d325469261b84efd70,0x63d961913cd855f5f8C8cA7cDC22771abA3326FE,0x8ca2c58d160f99c289bc52929fd9282793504a1a96da5f4ed1c05f0583d84d35
